6 27 35 96 134 137 150 150 185 180 188 107 135 105 114 94 71 23 8 6 
45 50 82 93 117 117 117 158 197 188 154 145 94 78 74 55 30 13 5 3 
5 9 57 86 107 112 150 156 170 166 145 142 90 89 76 74 51 23 3 3 
37 46 107 140 142 157 170 173 201 191 175 118 160 122 71 63 25 18 1 9 
29 32 36 86 150 173 177 195 201 163 158 109 115 110 92 82 30 4 1 9 
1 60 78 103 124 130 147 196 187 141 124 101 94 78 71 67 65 38 9 6 
12 13 51 52 130 144 158 163 192 169 162 135 126 46 33 31 16 5 4 5 
3 27 62 119 145 155 164 197 175 137 151 91 70 144 61 104 46 27 8 1 
8 18 97 101 115 116 191 200 172 154 186 181 84 62 54 41 27 12 9 8 
13 62 87 125 133 133 158 179 199 170 155 142 142 111 101 100 85 24 7 1 
35 51 75 96 120 137 200 201 156 99 97 149 55 50 47 36 15 9 4 7 
4 33 53 99 118 153 169 180 200 198 193 152 65 44 43 28 15 7 9 6 
20 30 67 96 134 154 155 159 168 168 141 139 115 122 105 34 24 21 4 9 
17 31 73 88 136 173 191 199 195 152 162 86 60 110 35 54 9 4 2 1 
21 34 72 83 133 158 162 180 178 175 137 98 161 78 84 82 66 65 6 7 
49 93 110 117 136 136 154 181 176 162 153 153 94 122 76 100 93 28 8 3 
36 41 85 86 98 129 154 195 194 167 122 92 87 72 58 57 48 1 3 4 
11 21 158 162 172 173 186 192 151 133 117 116 126 149 128 127 33 1 1 10 
1 34 90 99 131 153 184 194 195 164 146 118 105 47 43 97 74 26 2 1 
87 102 117 122 131 139 145 200 193 189 185 181 157 88 50 78 95 8 9 6 
7 26 68 77 117 151 158 159 185 167 154 137 116 114 113 60 73 10 1 4 
50 59 74 107 113 119 120 188 163 154 154 148 126 115 97 81 15 22 8 4 
11 60 60 92 98 103 129 182 198 185 159 101 88 74 118 118 41 8 7 1 
6 17 52 91 112 116 130 201 188 151 160 146 148 67 127 122 28 5 8 7 
3 56 65 78 135 146 155 185 184 180 179 146 133 113 110 99 79 27 4 1 
48 50 59 60 77 113 135 146 186 169 157 154 136 111 85 79 68 22 4 6 
5 14 15 25 91 98 122 175 191 176 108 156 107 67 44 42 100 5 11 1 
3 11 54 87 98 164 182 196 201 147 186 148 128 122 71 67 93 15 2 8 
8 51 52 83 155 167 180 195 192 149 139 118 105 95 83 74 64 45 9 6 
13 16 49 93 141 146 178 184 185 165 148 136 110 104 93 85 30 42 4 5 
14 38 46 113 157 170 183 200 182 108 107 104 100 99 75 95 33 23 5 5 
2 2 106 122 139 156 158 187 167 139 122 122 75 60 42 30 34 9 11 9 
23 36 40 58 62 82 85 196 197 189 186 171 151 77 60 90 24 73 1 6 
26 52 83 93 96 145 160 190 149 121 143 103 88 86 81 60 9 1 9 0 
2 9 57 61 87 115 170 200 197 170 166 142 91 89 116 58 59 23 3 3 
26 35 40 92 129 161 185 188 177 175 169 169 97 92 44 81 16 2 6 7 
12 32 68 119 122 146 193 195 176 166 117 123 115 44 90 73 8 2 1 9 
23 67 77 93 98 170 195 196 201 188 164 122 106 65 95 77 27 13 7 3 
30 30 67 86 100 140 154 180 166 165 133 122 116 116 115 17 16 1 1 7 
32 52 60 97 103 113 120 195 197 178 154 89 126 117 109 89 36 34 11 2 
17 95 110 119 124 136 154 181 197 162 153 153 153 135 116 100 38 77 10 10 
93 117 121 139 145 170 180 196 189 189 135 104 157 101 97 95 95 8 3 6 
9 39 55 99 120 123 162 169 167 165 113 122 152 66 139 53 27 13 10 10 
8 25 52 53 107 119 120 195 191 154 150 121 119 115 114 81 62 22 3 4 
6 14 15 82 116 130 146 201 188 176 160 156 148 124 127 122 24 5 8 2 
8 56 57 106 132 173 183 191 167 166 139 134 125 112 106 44 40 6 3 4 
50 59 74 83 95 144 170 180 163 149 139 169 139 95 83 74 64 41 6 6 
32 51 52 53 92 108 120 195 197 154 154 148 126 117 114 58 43 5 4 2 
20 32 125 155 170 185 191 193 189 186 186 104 87 111 102 39 15 2 2 6 
4 8 60 98 131 134 180 180 175 151 157 157 123 83 68 52 35 4 5 0 
4 8 35 96 98 131 150 191 185 180 188 107 135 105 114 97 71 23 8 6 
20 32 45 50 82 117 117 158 200 186 154 145 87 78 74 55 30 27 5 3 
2 9 57 86 112 115 150 156 170 166 145 142 90 36 76 58 51 23 3 3 
12 46 107 140 142 144 170 173 201 191 175 169 160 122 71 63 60 18 1 4 
29 32 68 86 132 150 193 195 166 163 158 109 115 110 92 82 8 4 1 9 
1 60 78 103 129 130 147 196 187 141 124 101 81 78 71 67 65 38 9 2 
12 25 40 52 108 144 158 163 192 189 162 135 119 46 33 31 16 5 3 5 
3 23 55 87 99 120 155 162 167 137 113 91 70 66 61 53 46 27 10 1 
8 18 97 101 115 134 180 191 169 154 135 104 84 62 54 33 27 7 3 8 
13 62 87 125 133 133 137 179 199 170 155 142 142 111 101 100 82 77 7 1 
35 60 75 96 120 137 200 201 156 127 97 89 55 50 41 36 15 9 11 7 
4 30 62 99 118 169 180 180 200 198 193 125 65 44 43 28 15 7 9 6 
20 30 67 96 125 134 154 179 168 168 141 139 115 65 105 34 27 13 4 9 
12 17 73 88 122 173 191 193 195 152 117 96 60 44 35 54 9 2 2 1 
21 34 74 83 133 158 158 180 177 175 137 98 97 92 84 82 66 65 6 7 
49 93 110 117 136 136 154 181 197 162 153 153 94 122 116 100 59 28 8 3 
36 76 83 86 98 145 190 195 194 167 143 92 83 72 58 57 48 1 9 4 
11 21 155 162 172 173 186 196 151 133 117 116 98 77 60 16 33 11 1 10 
1 34 90 99 131 153 184 194 195 164 155 118 105 47 43 97 34 26 11 1 
102 117 122 125 145 170 195 200 193 189 185 181 157 88 75 95 95 8 9 6 
7 62 68 77 141 146 151 159 185 167 154 136 116 114 113 60 30 10 4 5 
8 51 52 107 113 119 120 195 192 154 154 148 126 115 97 81 15 22 8 1 
11 60 60 87 98 103 129 196 185 147 186 101 88 74 71 67 41 8 7 1 
6 14 15 82 112 116 130 201 188 176 160 156 148 67 127 122 100 5 8 6 
3 56 65 78 135 146 155 185 184 180 175 146 133 113 99 99 79 63 3 1 
48 57 59 60 77 113 137 146 172 169 157 154 136 111 85 79 68 4 4 6 
9 17 52 91 91 98 122 175 191 151 108 146 83 67 44 42 28 5 11 7 
3 11 54 87 98 164 182 182 201 194 159 148 128 122 118 118 93 15 2 8 
50 59 74 83 155 167 180 188 163 149 139 118 105 95 83 74 64 45 9 6 
13 16 60 93 117 157 178 184 185 165 148 137 110 104 93 85 73 42 1 4 
14 38 46 87 113 131 139 183 182 108 107 104 100 99 50 49 44 23 5 5 
2 2 106 122 139 156 158 187 167 139 122 122 75 60 42 30 23 9 2 9 
23 36 40 58 62 82 85 192 197 189 186 171 151 149 128 90 24 73 1 6 
26 41 41 87 96 129 154 160 149 121 122 103 88 86 81 60 9 1 3 0 
2 9 57 61 87 115 170 196 176 170 166 142 147 89 76 58 61 23 3 3 
26 35 53 92 129 162 185 188 178 175 169 169 161 78 44 81 16 2 6 7 
31 32 68 86 136 146 193 195 176 166 162 123 115 110 90 73 8 4 1 9 
23 67 77 93 155 170 195 196 201 188 164 122 106 122 95 77 24 25 7 3 
30 33 67 86 115 140 146 154 166 165 133 103 116 116 115 17 8 1 1 7 
32 51 52 97 103 113 120 195 197 178 154 149 126 117 114 89 36 34 4 2 
17 49 110 117 124 136 154 181 197 162 153 153 94 122 116 100 38 28 10 10 
93 117 121 125 145 170 195 196 189 189 186 181 157 101 97 95 95 8 9 6 
9 27 62 123 145 164 169 197 175 165 151 122 152 144 139 104 27 13 8 8 
8 51 52 53 107 119 120 195 191 154 154 148 126 115 114 81 15 22 4 1 
6 14 15 82 116 130 146 201 188 176 160 156 148 124 127 122 100 5 8 6 
8 56 57 106 173 173 183 191 201 167 139 134 125 112 63 44 40 6 3 4 
50 59 74 83 95 167 170 180 163 149 139 118 105 95 83 74 64 41 6 6 
32 51 52 53 96 107 120 195 197 154 154 148 126 117 114 81 15 5 4 2 
93 117 125 155 170 181 191 196 189 188 186 181 94 111 102 39 15 2 2 3 
6 27 73 134 134 137 149 180 175 151 157 157 123 83 68 52 35 4 11 0 
