0 9 13 82 115 36.9256 173 176 190.235 200 195 172 171 114 62 131.235 16 10 6 6 183 191.235 161 148.235 126.669 134.235 27 112.235 59.6693 18 139 138 138 126 126 90 69 69 41 37 173 142 146 105 55 39 37 35 9 4 201 194 168 115 131 125 124 75.2349 60 13.4226 207.926 174 143 131.235 116 81 65 51 26 13 180.946 150 154 120 80 81 67 52 20 2 200 196.946 148 132 99 77.9256 33 25 9 8.92558 
8 2 12 46.9256 85 36.9256 132.235 176 177 186 201 201 196.181 193.235 126.904 54.5367 62 92 64.9042 18.2349 182 167 143.423 148 131 24.4226 27 30.6575 21 21.6693 196 178 179.926 168 155 121 119.904 46.2349 46.2349 11 195 149 181 115 99 138.235 39 89 40.1808 11.6693 208.235 189.946 163 118.669 118.926 107.946 52.2349 86.4226 60 26.6575 167 174 146.669 121.872 116 105.926 89 59 23.6693 13 184.615 150 126 109 80 71.6693 64 69 46 2 179.235 196.946 170 151 90.2349 91.1605 70 66 47 8.92558 
9 9 8 60 86 115.235 117 123 137 179 177 152 152 132 110 109 105 92 48 5 211.235 186 175 148 139.904 88 82 66 69.2349 56 196 175 171 168 126 121 103 49.2349 33 27 194 186 181 174 155 125 107 102.235 38 31 164 160 114 103 81 67 39 30 26 31.2349 167 164 154 147 79 74.2349 57 34 14 7 185 178 173 153 143 121 80 69 18 2 189 139 148.235 131 99 98 77 42 27 14 
8 9 12 46.9256 98.2349 36.9256 119 163 177 186 201 201 182.946 180 102 25 62 79 46 19 182 180.235 156.658 148 58.2349 24.4226 27 17.4226 21 18 196 178 193.161 171 155 121 39 33 18.8715 11 208.235 149 181 115 99 45 37 35 26.9459 8 195 203.181 163 118.669 118.926 107.946 102 86.4226 38 26.6575 207.926 176.235 153 121.872 119.235 105.926 89 59 20 1 180.946 143 154 109 119 71.6693 67 69 46 44 213.235 150 170 151 77 46 70 66 47 8.92558 
9 9 12 46.9256 86 102 119 123 137 179 201 152 182.946 132 102 109 105 92 59.2349 19 198 167 175 148 58.2349 88 82 66 21 56 196 175 171 181.235 168.235 121 52.2349 33 33 27 194 186 194.235 187.235 155 125 107 102.235 38 4 167.669 189.946 163 115 81 67 42.6693 30 26 34.9042 167 164 154 147 106 61 57 59 27.2349 10.6693 185 178 173 153 80 68 80 69 18 15.2349 189 139 151.904 144.235 69.4226 98 70 66 40.2349 14 
0 23.2349 13 82 115 102 173 176 137 186 177 172 171 114 62 25 16 105.235 6 6 183 186 175 135 131 121 113 112.235 43 69.2349 139 138 138 168 124 90 69 69 33 37 173 142 127 105 55 39 39 102.235 9 8 201 160 168 162 131 138.235 124 75.2349 26 25 166 163 143 118 106 81 65 51 26 13 185 178 173 120 119 81 64 69 20 2 166 150 161.235 145.235 77 59.2349 33 25 9 14 
8 2 12 46.9256 98.2349 50.1605 119 176 176.368 186 201 201 182.946 180 126.904 54.5367 75.2349 92 51.6693 18.2349 204.926 167 188.235 48 131 24.4226 113 17.4226 21 21.6693 196 178 179.926 168 155 121 106.669 33 46.2349 11 195 149 159.235 115 99 125 39 89 30.6152 11.6693 201 189.946 176.235 162 118.926 107.946 39 86.4226 60 13.4226 167 174 146.669 147 106 105.926 89 59 23.6693 13 184.615 150 126 109 80 68 64 65 46 2 166 196.946 170 151 77 77.9256 70 66 47 8.92558 
9 9 21.2349 60 86 146.235 117 123 177 179 195 152 152 132 110 109 105 10 48 5 198 178 161 148 123 88 82 66 56 19.2349 196 188.235 171 126 126 134.235 116.235 36 54.2349 40.2349 194 186 194.235 174 155 138.235 120.235 37 38 31 164 194 127.235 103 81 67 39 30 60 18 180.235 164 154 147 79 61 57 34 14 7 201 150 126 153 143 121 80 52 18 15.2349 189 139 135 131 112.235 98 77 42 27 5 
8 10 8 60 85 133 117 163 176.368 200 177 214.235 152 180 113.669 118 62 79 48 5 204.926 186 175 48 131 37.6575 27 17.4226 43 19.2349 196 178 179.926 171 124 121 103 36 18.8715 24.2349 195 162.235 127 115 99 45 39 37 43.8501 31 201 160 117.669 103 118.926 107.946 102 86.4226 38 38.2349 166 174 153 147 79 119.161 89 34 20 1 201 143 126 109 143 121 64 65 46 44 166 196.946 170 151 69.4226 77.9256 77 42 47 5 
9 9 8 60 86 102 117 123 137 179 177 152 152 132 113.669 109 105 92 48 5 198 186 175 161.235 123 88 82 66 59.6693 69.2349 196 175 171 168 139.235 121 103 36 46.2349 27 207.235 186 181 174 155 125 107 89 38 31 167.669 160 117.669 103 81 80.2349 42.6693 30 26 21.6693 167 164 154 147 79 61 57 34 14 10.6693 185 178 173 153 143 121 93.2349 69 18 15.2349 202.235 139 138.669 131 99 98 77 42 27 14 
0 10 13 82 115 133 173 176 177 186 195 172 171 114 62 25 16 10 6 6 183 178 161 135 131 121 113 99 43 6 139 138 138 126 124 90 69 69 41 37 173 142 127 105 55 39 39 37 9 8 201 194 168 162 131 125 124 62 60 25 166 163 143 118 106 81 65 51 26 13 201 150 126 120 119 81 64 52 20 2 166 150 148 132 77 46 33 25 9 5 
8 2 12 46.9256 85 36.9256 119 176 177 186 201 201 182.946 180 113.669 54.5367 62 92 51.6693 5 182 167 175 148 131 24.4226 27 17.4226 21 21.6693 196 178 179.926 168 155 121 106.669 33 33 11 195 149 181 115 99 125 39 89 30.6152 11.6693 201 189.946 163 118.669 118.926 107.946 39 86.4226 60 13.4226 167 174 146.669 147 106 105.926 89 59 23.6693 13 184.615 150 126 109 80 71.6693 64 69 46 2 166 196.946 170 151 77 77.9256 70 66 47 8.92558 
9 9 8 60 86 102 117 123 137 179 177 152 152 132 110 109 105 92 48 5 198 186 175 148 123 88 82 66 56 56 196 175 171 168 126 121 103 36 33 27 194 186 181 174 155 125 107 89 38 31 164 160 114 103 81 67 39 30 26 18 167 164 154 147 79 61 57 34 14 7 185 178 173 153 143 121 80 69 18 2 189 139 135 131 99 98 77 42 27 14 
8 9 12 46.9256 85 36.9256 119 163 176.368 200 201 201 182.946 180 102 118 62 79 46 19 204.926 167 143.423 48 45 24.4226 27 17.4226 21 18 196 178 179.926 171 155 121 39 33 18.8715 11 195 149 146 115 99 45 37 35 26.9459 4 195 189.946 163 115 118.926 107.946 102 86.4226 38 13.4226 207.926 174 153 121.872 116 105.926 89 59 20 1 180.946 143 154 109 80 68 67 65 46 44 200 196.946 170 151 69.4226 77.9256 70 66 47 8.92558 
9 9 8 60 86 102 117 123 137 179 177 152 152 132 113.669 109 105 92 48 5 198 186 175 148 126.669 88 82 66 59.6693 56 196 175 171 168 126 121 103 36 33 27 194 186 181 174 155 125 107 89 38 31 167.669 160 117.669 103 81 67 42.6693 30 26 21.6693 167 164 154 147 79 61 57 34 14 10.6693 185 178 173 153 143 121 80 69 18 2 189 139 138.669 131 99 98 77 42 27 14 
9 6 16 18 45 46 60 80 182 196 168 156 139 134 117 104 62 34 18 10 163 140 139 123 104 101 77 63 52 34 190 106 95 95 88 77 77 41 19 8 171 155 142 124 112 86 67 59 42 21 172 144 134 122 76 59 50 46 19 5 180 177 144 109 100 79 78 66 54 39 168 161 159 116 105 87 65 58 36 8 189 169 166 134 117 100 98 86 77 72 
7 6 9 64 118 144 170 183 186 191 201 151 111 106 95 94 92 69 54 4 192 177 132 115 85 83 73 38 30 19 170 166 165 158 129 114 112 100 76 32 195 182 181 171 136 134 117 53 43 10 171 144 137 79 61 35 29 17 12 12 149 140 135 135 125 95 70 69 30 7 182 157 151 125 122 118 56 35 15 7 159 150 144 138 134 114 112 74 58 38 
8 11 35 57 63 80 96 180 191 195 183 156 152 148 147 89 83 51 17 10 153 108 106 100 88 72 58 56 37 22 198 150 146 114 111 108 59 51 51 28 130 124 87 84 83 75 56 29 5 1 182 159 142 103 99 81 80 69 22 13 198 188 182 178 121 99 72 52 23 9 156 139 138 122 82 76 68 58 32 15 126 111 99 31 31 27 15 8 8 4 
9 9 5 13 107 134 153 168 194 201 193 149 119 118 106 96 89 63 48 31 182 181 171 159 153 111 48 46 20 8 185 137 126 124 90 89 81 55 33 8 190 171 152 137 125 87 83 52 47 22 193 189 183 164 159 150 110 96 87 55 170 135 114 107 102 97 61 52 46 3 162 157 141 133 83 76 57 44 41 19 168 167 159 117 110 104 66 63 58 20 
4 10 3 20 40 75 107 110 155 166 200 147 125 118 104 81 78 71 68 6 167 154 150 146 98 79 71 22 20 10 198 184 152 150 89 80 64 52 37 35 133 133 112 64 51 41 33 22 20 12 163 158 146 120 76 73 56 54 49 15 189 181 176 117 117 100 99 73 37 28 174 170 162 119 104 92 83 76 68 35 200 160 153 126 121 110 75 62 37 27 
