153 20 29 144 116 83 167 173 199 154 151 100 79 71 84 61 26 14 3 3 
15 23 148 167 128 108 102 44 159 121 109 115 114 36 87 121 28 19 4 0 
8 25 24 60 63 130 165 113 157 195 145 138 123 61 67 142 40 19 1 1 
4 59 151 49 111 107 157 126 201 197 179 145 110 105 57 80 75 75 4 3 
22 144 55 31 107 159 141 48 197 128 153 136 128 53 152 38 27 15 4 2 
99 68 84 125 139 21 176 186 182 161 143 131 102 21 44 78 52 1 2 2 
69 79 98 127 64 75 184 179 175 75 143 107 101 53 169 8 5 21 5 9 
39 88 126 140 142 68 184 189 199 198 33 175 111 74 98 78 42 23 7 0 
84 188 30 144 162 112 127 199 199 170 170 100 83 57 84 47 86 14 3 6 
98 116 117 124 107 173 177 85 199 199 193 27 78 170 78 55 42 25 6 8 
76 102 26 94 107 175 126 85 167 149 86 155 95 71 11 61 42 21 4 6 
23 18 69 42 62 137 187 195 200 191 181 167 151 119 93 78 47 33 8 1 
28 188 119 144 2 164 173 198 199 154 151 100 176 71 84 39 19 6 4 3 
26 38 118 147 84 62 15 116 103 166 162 136 87 87 31 11 4 2 11 2 
99 45 98 129 47 75 184 65 179 173 102 147 114 71 98 78 20 28 5 3 
19 20 41 47 80 95 134 160 185 179 167 147 118 71 66 63 42 38 7 9 
67 113 75 52 87 99 104 154 105 11 132 161 152 148 141 138 42 36 10 5 
59 91 92 109 119 120 185 192 195 135 104 97 86 135 57 40 34 19 4 2 
22 80 47 60 63 175 158 113 196 169 170 47 95 82 71 68 42 5 4 4 
33 117 75 144 162 24 184 198 199 154 151 90 115 111 90 77 86 14 7 9 
9 62 68 118 142 144 154 174 171 155 170 172 88 81 80 50 12 37 1 1 
135 62 84 42 114 23 178 179 182 161 115 132 47 99 30 27 27 5 2 10 
15 20 47 44 164 51 141 189 164 148 26 155 101 71 60 61 39 20 10 0 
29 152 71 124 63 133 156 75 185 176 174 138 160 129 129 70 76 31 11 8 
20 188 77 78 134 159 162 141 53 46 151 99 155 71 153 35 118 1 3 3 
178 165 119 144 162 164 139 198 199 154 87 100 106 58 84 36 19 14 3 3 
8 36 79 126 128 130 165 200 185 195 145 168 142 89 67 110 30 19 4 1 
99 68 172 129 64 151 184 189 139 173 102 54 106 71 98 78 42 64 5 9 
119 59 61 92 139 167 176 83 166 121 143 3 102 36 95 82 52 1 10 2 
14 19 30 40 106 112 127 97 162 170 152 168 83 57 55 72 61 2 3 6 
57 45 112 74 119 18 176 35 149 152 124 98 47 6 93 89 19 59 9 9 
169 25 26 124 80 21 126 85 174 104 138 155 94 61 98 61 24 21 4 6 
82 68 94 72 178 179 178 200 136 191 166 22 146 200 99 83 29 2 11 2 
3 58 37 146 148 154 30 165 68 172 165 106 120 117 51 51 154 15 2 3 
146 22 26 42 53 91 153 189 197 148 47 92 106 75 97 61 129 20 6 0 
40 47 63 121 145 170 192 199 89 139 129 125 101 54 53 49 63 12 10 0 
35 26 43 100 112 90 164 192 184 178 177 158 112 69 64 54 26 11 1 4 
58 27 47 136 63 100 167 113 158 171 76 120 94 61 41 2 24 125 2 4 
17 69 26 73 122 138 193 200 178 175 164 157 133 143 76 75 47 29 6 1 
48 55 70 121 91 109 166 198 186 184 184 89 25 154 142 95 76 17 10 8 
15 45 26 158 131 86 126 196 98 166 138 93 158 77 98 77 46 21 8 6 
33 45 119 170 45 164 173 198 149 154 151 168 115 71 55 89 19 64 9 3 
171 84 54 70 189 110 144 189 196 148 159 100 106 91 84 24 77 9 10 1 
99 68 98 90 141 151 105 65 179 173 102 147 59 71 98 78 39 2 6 6 
4 62 80 105 111 129 142 183 18 134 122 132 81 72 95 3 2 2 11 5 
9 70 91 95 99 113 168 172 68 171 135 120 95 68 16 13 8 1 1 9 
36 25 103 109 159 132 139 179 198 191 168 136 135 155 89 52 37 15 9 9 
28 21 47 124 63 100 102 165 158 171 121 120 94 89 71 68 24 19 11 0 
21 176 41 42 114 119 178 179 185 170 115 92 47 130 133 27 27 5 2 8 
158 174 125 44 15 138 196 189 164 148 26 155 106 30 97 36 42 20 10 0 
153 188 119 144 116 164 167 173 199 154 151 100 79 71 84 36 26 14 3 3 
15 23 148 85 128 108 102 44 159 170 109 115 114 36 87 56 28 19 4 0 
8 21 24 124 63 130 165 165 157 195 145 138 123 89 67 142 30 19 1 1
36 59 103 109 122 132 157 179 201 191 168 136 110 105 89 80 75 75 9 3 /////////
22 35 91 95 99 113 141 144 197 172 153 136 128 53 47 38 27 15 11 2    /////////
99 68 84 125 139 21 176 186 166 161 143 131 102 71 95 78 52 1 1 2 
69 79 98 127 141 151 158 179 175 153 143 107 59 53 16 8 5 2 6 6    ///////
39 88 126 140 142 164 144 189 199 198 186 175 111 21 84 78 77 23 7 5 
84 45 30 153 119 112 127 199 149 170 170 168 83 57 55 89 86 64 3 6 
98 116 117 124 131 173 177 196 199 199 193 183 158 78 78 55 46 25 6 8 ///////
76 80 26 94 107 175 126 85 196 149 149 155 95 71 98 61 42 21 4 6 
17 18 26 42 62 138 187 195 200 191 181 167 133 119 93 78 47 33 8 1 
124 188 119 144 162 164 173 198 199 154 151 100 115 71 84 39 19 125 4 3 
26 38 43 81 84 90 115 116 179 166 162 136 87 87 31 11 4 2 11 2 
99 45 98 129 47 75 184 65 179 173 102 147 101 71 98 78 45 21 5 3 
19 22 26 47 53 95 134 160 197 179 167 147 118 75 66 63 42 38 7 9 
3 35 37 52 87 99 104 154 178 172 165 161 152 148 141 131 73 15 9 5 
82 91 92 109 119 120 178 200 136 135 104 97 86 81 57 40 34 19 4 2 
22 25 47 60 63 194 158 113 174 169 121 47 94 61 71 68 24 5 11 4 
33 117 75 144 162 142 173 198 199 154 151 144 115 111 93 77 19 14 3 9 
9 62 68 118 142 144 154 174 162 155 152 99 88 81 80 72 61 37 1 5 
135 62 61 42 114 119 178 179 182 121 115 132 47 36 30 27 27 5 2 10 
15 20 47 44 192 91 141 189 164 148 26 155 106 71 60 61 42 20 10 0 
29 48 79 126 128 133 156 172 185 176 174 168 160 129 129 110 76 31 11 8 
86 172 87 78 134 159 162 5 53 153 87 99 155 58 20 35 118 1 3 3 
33 188 119 144 162 164 139 198 199 154 151 100 106 71 84 36 19 14 3 3 
8 36 71 124 63 130 165 165 185 195 145 138 142 89 67 70 30 19 4 1 
99 68 9 129 64 151 184 189 139 173 102 147 101 71 98 78 39 64 5 9 
55 59 84 92 139 167 176 186 166 161 143 131 102 99 95 82 52 1 1 2 
14 19 30 40 106 112 127 162 171 170 170 168 83 57 55 45 12 2 3 6 
29 45 181 74 119 153 176 187 149 152 124 154 47 6 90 89 86 59 9 9 
169 80 26 124 107 175 126 85 196 104 138 155 95 71 98 61 42 21 4 6 
59 68 94 160 178 179 185 192 195 191 166 160 146 135 99 83 29 2 11 2 
3 58 75 146 148 154 30 165 68 178 132 106 120 117 51 51 42 36 2 3 
146 20 41 42 80 91 196 189 185 148 132 92 106 71 97 61 42 20 10 0 
40 47 63 121 145 170 192 199 190 139 129 125 114 54 53 49 34 12 10 0 
35 26 118 100 112 62 164 192 184 178 139 158 112 69 64 54 26 11 1 4 
28 27 47 136 63 100 167 113 158 171 121 120 94 61 41 2 24 6 2 4 
23 69 69 73 92 137 193 200 178 175 164 157 151 143 76 75 47 29 6 7 
48 55 70 121 91 109 166 198 186 184 184 89 25 154 142 95 76 17 10 8 
15 45 26 158 107 175 126 85 196 104 138 93 78 77 98 77 42 21 4 6 
33 188 119 144 162 164 173 198 199 154 151 100 115 71 84 47 19 14 3 3 
171 84 54 70 189 110 184 189 196 148 159 100 106 91 98 24 42 9 10 1 
99 68 98 129 64 75 184 65 179 173 102 147 101 71 98 78 39 21 5 9 
4 62 80 105 111 129 142 183 182 174 122 132 81 72 44 3 3 2 11 5 
9 70 55 31 107 159 168 172 189 171 94 120 95 68 16 13 8 1 1 9 
4 25 34 49 111 107 139 126 198 197 179 145 135 92 57 52 37 15 4 9 
28 25 47 60 63 100 102 113 158 171 121 120 94 61 71 68 24 19 11 4 
21 34 41 42 114 119 178 179 185 121 115 92 47 36 30 27 27 5 2 8 
146 20 125 44 111 91 196 189 164 148 26 155 106 71 97 61 42 20 10 0 
