8 2.6911 11.05 57.6015 110.601 97.3892 155 167.05 178 199 190.05 147.05 171 175 59.6015 45 40.6131 32.117 41.5261 1 144 126.452 128.243 105 96 76.5461 37.7631 74 45 18.5461 146.466 144.601 126 114.474 115 89.05 118 59 66.4455 8 171.05 153.128 164 116.641 65.7565 45.05 42 74.5031 12.4656 7.04998 163.641 136.651 120.067 72.1171 66 85 54 45 33 11 174.546 178.641 192 140 126.662 104 71 60 26.4656 22 188.651 177 134.601 108.494 144.05 105 88 29 20.067 10 187.662 174.187 164 146 128 108.832 90 49 29.358 0.416871 
8 2.2426 11 58 111 97.3392 155 167 135.601 199 190 147 171.05 175 60 45 40.6131 78 53.3785 1 144 126.452 128.641 105 96 91.6621 37.7631 74 45 22.2082 146.466 177 121.126 118.136 115 89 65 59 62.3785 11.6621 171 164.582 166.757 120.708 76 45 42 57.05 12.4656 7 163.641 169.662 123.729 72.0671 66 57 54 55 30 11 174.546 186.466 178.601 135.466 125.601 104 71 64.067 26.4656 22 189 177 138.264 111.251 147.662 108.662 88 29 16 13 167.209 185.641 154 149.662 128 106.474 90 59 71.6411 39.4656 
8 2.2426 11.05 49.8323 111 97.3392 155 167 135.601 190.832 190 147 171 175 60 45 45 78 53.3785 -7.16766 144 126.452 128.641 105 96 91.6621 37.8131 74 45.05 7 146.466 177 121.076 110.018 115 89 118 59.05 62.3785 11.6621 171 156.414 166.757 116.641 76 45 42 57 12.4656 7 163.641 169.662 122 116.601 66.05 85.05 54.05 55.05 30 11 200 186.516 178.601 135.466 126.662 104 74.6621 60 18.298 22 189 177 138.264 111.251 147.662 108.662 88 29 16 13 187.662 185.641 154 149.712 128 106.474 103 59 71.6411 39.4656 
8 6.3032 11 57.6015 114.264 97.3392 155 167 178 199 190 147 171 175 59.6015 45 40.6131 32.067 41.5261 1 144 126.452 128.243 108.757 96 76.5461 37.7631 77.6621 45 22.2082 146.466 144.601 126 114.474 115 92.6621 65 59 70.1076 8 171 153.128 164 120.708 65.7565 48.6621 42 74.5031 12.4656 7 163.641 136.601 123.729 72.0671 66 57.05 54 42.2503 33 11 174.596 182.303 195.662 140 125.651 104 71 64.067 26.4656 22 188.601 180.662 134.601 108.494 144 105 91.6621 29 20.067 10 167.209 185.691 164 146 128 102.016 90 49 29.358 4.12894 
1 2.2426 10.05 57.6015 114.264 89.1716 115 167 178 199 190 147 171 139 51.4338 45 45 32.067 53.3785 1 144 122 91 105 96 76 37.7631 74 45 7 146.466 144.601 113 114.474 115 89 65 59 58.2778 4.49287 171 153.128 145 116.641 123 121 91.4929 57 12.4656 13 163.641 143 122 60.05 58.05 58 54 45 30 11 174.596 186.466 152.832 145 132.832 102.443 74.6621 60 26.4656 38.4429 189 177 126.434 136 144.05 105 88 106 20.067 13 167.259 123 164 149.662 87 108.832 103 59 71.6411 4.07896 
8 2.64111 11 57.6015 110.651 97.3392 155 167 178 190.832 190 147 171 175 59.6015 45 40.6131 78 53.3785 -7.16766 144 126.452 128.243 105 96 76.5461 37.7631 74 45 18.5961 146.466 144.601 126 114.474 115 89 65 59 66.4455 8 171 153.128 166.757 120.708 65.7565 45 42 74.5031 12.4656 7.04998 163.641 136.601 122.05 72.0671 66 57 54 45 33 11 174.546 178.641 192 140 125.601 104 71 64.067 26.4656 22.05 188.601 177 134.601 108.494 144 105 88 29 16 10.05 167.209 174.187 164 146 128 108.832 90 59.05 29.358 39.4656 
8 6.3032 11 57.6015 111 97.3392 155 167 135.601 199 190.05 147 171.05 175 60.05 45 40.6131 78 53.3785 1 144 126.452 128.641 108.757 96 91.7121 37.7631 77.6621 45 7 146.516 177.05 121.126 118.136 115 92.7121 118 59 62.3785 11.6621 171 153.128 164 120.708 65.7565 45 42 57 17.6621 7 163.641 136.601 122 116.601 66 57 53 42.2503 30 11 200 182.303 195.662 140 125.601 104 62.8323 64.067 26.4656 22 188.601 177 134.601 111.251 147.662 120 91.6621 29 47 10 167.209 185.641 154 146 128.05 106.474 103.05 52 29.358 21 
8 2.2426 11.05 49.8323 111 97.3392 155 167 135.601 199 190 147 171 175 60 45 45 32.067 41.5261 1 144 126.452 128.243 108.757 96 91.6621 37.7631 65.8323 45 7 146.516 144.601 121.076 109.968 115 89 118 59 62.4285 11.6621 171 156.414 164 120.708 76 45 42 57 12.4656 7 163.641 169.662 120.067 116.601 66 85 54 55 30.05 11 200 186.466 178.601 135.466 126.662 104.05 74.6621 60 18.298 22 189 177 138.264 108.494 147.662 108.662 91.6621 29.05 16 13 187.662 185.641 154 149.662 128 106.474 103 49 71.6411 0.416871 
8 2.64111 11 58 114.264 97.3392 155 167 175 199 190 166 171 175 59.6015 46 45 32.067 41.5261 1 144 126.452 128.641 108.757 96 76.5461 37.7631 74 45 7 146.466 177 126 114.474 106.832 89 65 59 70.1076 8 195 164.632 166.806 116.641 76 48.6621 42 74.5031 12.4656 7 168.443 169.662 108.662 116.601 66 85.05 54 55 33 11 200 178.691 178.601 135.466 126.662 104 74.6621 55.8994 26.4656 22 188.882 180.712 138.264 111.251 144.05 108.662 88 29 20.067 10 187.662 185.641 154.05 146 128 102.016 103 49 71.6411 39.4656 
1 2.64111 10 57.6015 114.264 89.1716 115 167 175 199 190 166 171 139 51.4838 46 40.6131 32.067 53.3785 1 144 122 91 105 96 76 37.7631 65.8323 45 7.04998 146.466 144.601 113 114.524 106.832 89 65 59 58.2778 4.44289 195 153.128 145.05 120.708 123 121 91.4929 57 17.6621 13 168.443 143 108.662 60 58 58 53 45 30 11 174.546 178.691 152.882 145 132.832 102.443 62.8323 55.8994 26.4656 38.4429 188.832 177 126.434 136 144.05 120 91.6621 106 47 10 167.209 123 154 146 87.05 108.832 103 52 71.6411 21 
8 2.64111 11 57.6015 110.601 97.3392 155 167 178 199 190 147 171 175 59.6015 45 40.6131 32.067 41.5261 1 144 126.452 128.243 108.757 96 76.5461 37.7631 74 45 18.5461 146.466 144.601 126 114.474 115 89 65 59 66.4455 8 171 153.128 164 120.708 65.7565 45 42 74.5031 12.4656 7 163.641 136.601 120.067 72.0671 66 57 54 45 33 11 174.546 178.641 192 140 125.601 104 71 64.067 26.4656 22 188.601 177 134.601 108.494 144 105 88 29 20.067 10 167.209 174.187 164 146 128 108.832 90 49 29.358 0.416871 
8 2.2426 11 58 111 97.3392 155 167 135.601 199 190 147 171 175 60 45 45 78 53.3785 1 144 126.452 128.641 105 96 91.6621 37.7631 74 45 7 146.466 177 121.076 118.136 115 89 118 59 62.3785 11.6621 171 164.582 166.757 116.641 76 45 42 57 12.4656 7 163.641 169.662 122 116.601 66 85 54 55 30 11 200 186.466 178.601 135.466 126.662 104 74.6621 60 26.4656 22 189 177 138.264 111.251 147.662 108.662 88 29 16 13 187.662 185.641 154 149.662 128 106.474 103 59 71.6411 39.4656 
8 2.2426 11 49.8323 111 97.3392 155 167 135.601 190.832 190 147 171 175 60 45 45 78 53.3785 -7.16766 144 126.452 128.641 105 96 91.6621 37.7631 74 45 7 146.466 177 121.076 109.968 115 89 118 59 62.3785 11.6621 171 156.414 166.757 116.641 76 45 42 57 12.4656 7 163.641 169.662 122 116.601 66 85 54 55 30 11 200 186.466 178.601 135.466 126.662 104 74.6621 60 18.298 22 189 177 138.264 111.251 147.662 108.662 88 29 16 13 187.662 185.641 154 149.662 128 106.474 103 59 71.6411 39.4656 
8 6.3032 11 57.6015 114.264 97.3392 155 167 178 199 190 147 171 175 59.6015 45 40.6131 32.067 41.5261 1 144 126.452 128.243 108.757 96 76.5461 37.7631 77.6621 45 22.2082 146.466 144.601 126 114.474 115 92.6621 65 59 70.1076 8 171 153.128 164 120.708 65.7565 48.6621 42 74.5031 12.4656 7 163.641 136.601 123.729 72.0671 66 57 54 42.2503 33 11 174.546 182.303 195.662 140 125.601 104 71 64.067 26.4656 22 188.601 180.662 134.601 108.494 144 105 91.6621 29 20.067 10 167.209 185.641 164 146 128 102.016 90 49 29.358 4.07896 
1 2.64111 10 57.6015 114.264 89.1716 115 167 175 199 190 166 171 139 51.4338 46 40.6131 32.067 53.3785 1 144 122 91 105 96 76 37.7631 65.8323 45 7 146.466 144.601 113 114.474 106.832 89 65 59 58.2778 4.44289 195 153.128 145 120.708 123 121 91.4429 57 17.6621 13 168.443 143 108.662 60 58 58 53 45 30 11 174.546 178.641 152.832 145 132.832 102.443 62.8323 55.8994 26.4656 38.4429 188.832 177 126.434 136 144 120 91.6621 106 47 10 167.209 123 154 146 87 108.832 103 52 71.6411 21 
3 11 17 17 18 63 68 102 119 141 154 104 95 90 72 59 57 57 52 22 176 158 128 126 89 85 68 66 47 34 177 94 91 87 61 53 36 4 2 1 198 182 151 144 115 99 89 65 45 35 187 179 167 163 158 47 43 24 21 9 174 174 145 100 91 67 41 27 11 5 183 151 128 128 90 58 44 44 39 17 178 174 130 127 103 75 58 13 9 2 
5 1 64 65 93 94 109 139 150 164 157 143 142 140 139 129 95 90 86 1 193 181 174 154 142 114 111 71 45 11 196 193 176 170 161 145 67 37 37 22 182 176 136 108 105 101 84 45 43 23 198 185 154 104 81 78 47 46 7 6 195 188 167 162 122 94 77 58 28 18 200 191 165 141 100 73 71 60 56 23 200 184 180 170 143 136 109 98 37 13 
5 3 1 39 44 103 108 116 153 181 192 190 166 148 141 131 112 68 24 8 197 196 174 170 158 147 144 140 87 44 199 190 165 159 123 120 66 52 49 48 166 158 154 151 142 135 124 79 78 6 200 198 148 146 54 38 32 26 11 3 191 187 154 134 34 33 28 26 25 15 196 179 124 117 82 74 74 65 44 4 172 151 147 89 80 78 60 55 41 26 
7 4 48 67 118 147 150 162 185 187 192 179 158 156 155 94 85 77 68 32 197 196 184 147 127 119 43 8 8 1 188 181 172 168 130 107 54 39 22 6 199 193 191 148 130 120 104 76 76 27 152 149 142 111 98 97 51 37 18 18 197 195 188 181 164 108 87 68 53 13 182 110 109 108 97 90 75 72 33 3 150 146 138 123 119 97 91 82 76 74 
3 10 92 97 111 126 133 139 149 183 180 170 160 76 73 71 41 26 16 3 185 138 128 114 68 66 52 52 50 12 165 162 157 140 131 130 99 94 45 15 199 196 186 170 154 113 109 104 25 3 201 159 150 76 74 68 65 51 35 28 197 188 182 177 176 164 140 121 111 52 191 178 173 162 96 73 67 65 43 8 194 165 161 151 143 126 110 91 49 40 
